0 0.133919 1.000000 0.026165 0.106920 0.021519 0.037739
1 0.594129 1.000000 0.057957 0.106920 0.047667 0.083595
2 1.674408 1.000000 0.095799 0.166185 0.126456 0.138177
3 -1.286970 1.000000 0.169085 0.182622 0.154353 0.243884
4 -1.277502 1.000000 0.198548 0.182622 0.184815 0.268829
5 -1.339936 1.000000 0.213839 0.230521 0.210963 0.308436
6 -0.039091 1.000000 0.269401 0.267165 0.314937 0.369974
7 0.114046 1.000000 0.332369 0.277798 0.380062 0.405731
8 -0.017648 1.000000 0.365244 0.292529 0.439460 0.479400
9 -0.572385 1.000000 0.386510 0.313875 0.481181 0.526817
10 0.181709 1.000000 0.429203 0.523583 0.521965 0.557490
11 1.385318 1.000000 0.848618 0.572247 0.697947 0.619069
12 -0.638032 1.000000 0.856081 0.623015 0.777994 0.697205
13 -1.465648 1.000000 0.880855 0.658442 0.861504 0.801374
14 -0.827762 1.000000 0.907020 0.658442 0.861504 0.802706
15 -0.246354 1.000000 0.907020 0.826354 0.861504 0.872197
16 -0.289493 1.000000 0.914038 0.826354 0.861504 0.871986
17 -0.224180 1.000000 0.870454 0.844759 0.891779 0.940883
18 0.064615 1.000000 1.013401 0.942416 0.961679 0.974183
19 1.706591 1.000000 1.013401 0.942416 0.961679 0.974183
20 -0.144233 1.000000 1.013401 0.942416 0.961679 0.974183
21 1.182820 1.000000 1.014378 0.970187 0.976290 1.003298
22 -0.260697 1.000000 0.937594 0.942416 0.919517 0.967429
23 -1.045894 1.000000 0.894871 0.844759 0.844112 0.910789
24 0.577419 1.000000 0.751924 0.826354 0.833473 0.862953
25 1.088576 1.000000 0.715113 0.775585 0.819886 0.829490
26 0.715002 1.000000 0.792075 0.734255 0.813865 0.798872
27 -1.515063 1.000000 0.792075 0.734255 0.813865 0.798872
28 1.182771 1.000000 0.828886 0.824578 0.827717 0.847499
29 -0.706517 1.000000 0.894871 0.873242 0.831686 0.872197
30 -0.731346 1.000000 0.875300 0.901013 0.843749 0.922323
31 -1.034345 1.000000 0.875300 0.901013 0.843749 0.940883
32 -0.903006 1.000000 0.894871 0.924011 0.831686 0.915578
33 0.889186 1.000000 0.937594 0.942416 0.844140 0.984041
34 -0.375367 1.000000 0.935884 0.951782 0.909712 0.979339
35 0.408219 1.000000 0.870454 0.828989 0.887733 0.953368
36 -0.273845 1.000000 0.962289 0.909833 0.947194 1.003298
37 -2.328102 1.000000 0.989560 0.909833 0.940293 1.007373
38 0.539956 1.000000 1.022689 0.909833 0.970569 1.027996
39 -0.039068 1.000000 1.047519 1.032626 0.996669 1.055270
40 0.013851 1.000000 1.026371 1.018540 0.955638 1.007373
41 1.028263 1.000000 1.047519 1.036945 0.987347 1.042200
42 -0.237378 1.000000 0.999099 0.970187 0.975734 1.007373
43 -0.172270 1.000000 1.074791 1.023686 0.993536 1.022731
44 -0.540872 1.000000 0.999099 0.970187 0.975734 1.005811
45 -0.490678 1.000000 0.939345 0.995915 0.992322 1.000660
46 0.418112 1.000000 0.986860 0.934728 1.061442 1.022731
47 -0.057463 1.000000 0.986860 0.934728 1.061442 1.033751
48 0.686476 1.000000 0.939345 0.995915 0.992322 1.022731
49 -1.084243 1.000000 0.939345 0.986549 0.978580 1.005811
50 1.316748 1.000000 0.999099 0.986549 0.962601 1.007373
51 0.220587 1.000000 0.858461 0.986549 0.947194 1.003500
52 -0.803515 1.000000 0.851569 0.855353 0.906389 0.980266
53 -16.826706 1.000000 0.822432 0.801218 0.895637 0.955649
54 1.496198 1.000000 0.780003 0.791852 0.884705 0.943552
55 -0.003318 1.000000 0.780003 0.791852 0.841112 0.934656
56 1.800935 1.000000 0.822432 0.801218 0.884705 0.996285
57 0.272243 1.000000 0.851704 0.824274 0.991485 1.040969
58 0.667474 1.000000 0.851704 0.824274 0.963355 1.015499
59 -1.167809 1.000000 0.826115 0.824274 0.895637 1.000660
60 0.455081 1.000000 0.826115 0.824274 0.917388 1.005811
61 -1.353985 1.000000 0.840364 0.824274 0.963639 1.016996
62 -0.613899 1.000000 0.848373 0.845987 1.001663 1.015499
63 -0.968935 1.000000 0.916454 0.878409 1.001663 1.016996
64 -0.462268 1.000000 0.893826 0.878409 0.963639 1.016996
65 -0.805850 1.000000 0.893826 1.018971 1.001663 1.005811
66 -1.669557 1.000000 0.835188 1.018971 0.919256 0.981250
67 0.955392 1.000000 0.953498 1.090444 1.011756 1.020490
68 1.155739 1.000000 0.953498 1.090444 1.011756 1.035414
69 0.527321 1.000000 0.900066 1.018971 1.011756 1.023422
70 0.112199 1.000000 0.835188 0.878409 0.998036 0.993358
71 0.249406 1.000000 0.835188 0.878409 0.919256 0.981445
72 0.571058 1.000000 0.851704 0.878409 0.986470 0.997608
73 0.369879 1.000000 0.851704 0.878409 0.986470 1.003898
74 0.463358 1.000000 0.835188 0.837477 0.974701 0.986197
75 0.004240 1.000000 0.851704 0.878409 0.964608 0.964104
76 2.149705 1.000000 0.835188 0.879648 0.974701 0.964104
77 2.393308 1.000000 0.823250 0.878409 0.935121 0.915411
78 -1.280724 1.000000 0.823250 0.878409 0.935121 0.921353
79 -0.001162 1.000000 0.813204 0.869530 0.933139 0.915411
80 -0.382469 1.000000 0.733394 0.845987 0.945214 0.880601
81 -0.366381 1.000000 0.813204 0.869530 0.933139 0.905382
82 -1.048282 1.000000 0.733394 0.845987 0.961340 0.862525
83 0.719285 1.000000 0.811336 0.766004 0.961340 0.906725
84 0.180858 1.000000 0.811336 0.766004 0.961340 0.887721
85 -0.945417 1.000000 0.806926 0.706849 0.856607 0.874078
86 0.371411 1.000000 0.824980 0.696163 0.894144 0.880746
87 1.336323 1.000000 0.824980 0.696163 0.868543 0.862525
88 -0.363406 1.000000 0.806926 0.706849 0.961340 0.880746
89 0.024232 1.000000 0.806926 0.706849 0.986470 0.896215
90 0.407580 1.000000 0.709542 0.706849 0.974701 0.897554
91 0.924530 1.000000 0.811336 0.708089 1.021867 0.986197
92 -0.335992 1.000000 0.947582 0.902700 1.033113 0.993358
93 -1.065908 1.000000 0.993181 0.903192 1.031373 0.981805
94 1.315714 1.000000 0.976280 0.903192 1.031373 0.954886
95 -0.723670 1.000000 0.976280 0.903192 1.039481 0.989289
96 0.572730 1.000000 1.030485 1.011833 1.040474 1.048340
97 -0.311810 1.000000 0.993181 0.903192 1.025245 0.948526
98 0.193035 1.000000 0.992197 0.889324 0.980151 0.874459
99 -0.645659 1.000000 0.730300 0.888833 0.995759 0.845335
100 0.489070 1.000000 0.730300 0.888833 0.995759 0.860992
101 -0.912479 1.000000 0.850540 0.888833 0.995759 0.862411
102 0.504810 1.000000 0.850540 0.888833 0.995759 0.874459
103 1.493974 1.000000 0.921513 0.790420 0.976565 0.880601
104 -0.644996 1.000000 0.999850 0.790420 0.988788 0.895750
105 0.080149 1.000000 0.850540 0.790420 0.988788 0.897169
106 1.513680 1.000000 0.772202 0.751251 0.976565 0.887574
107 -1.056364 1.000000 0.772202 0.751251 0.931100 0.880746
108 -2.415729 1.000000 0.785468 0.776552 0.932787 0.896344
109 1.913067 1.000000 0.850540 0.790420 0.928780 0.898312
110 -0.134006 1.000000 0.867003 0.790420 0.968049 0.898684
111 1.560086 1.000000 0.948324 0.902700 0.997878 0.957183
112 -0.673723 1.000000 0.830104 0.888833 0.988788 0.908120
113 -0.757723 1.000000 0.948324 0.902700 1.024635 1.018413
114 0.012833 1.000000 0.948324 0.902700 1.024635 1.008893
115 0.554023 1.000000 0.830104 0.888833 0.974090 0.948227
116 0.969076 1.000000 0.850540 0.790420 0.993825 0.974084
117 0.375053 1.000000 0.948324 0.899432 0.997878 1.008893
118 0.321502 1.000000 1.075100 1.011712 1.159322 1.033102
119 0.412501 1.000000 0.976280 1.011712 1.084628 1.018413
120 -0.226119 1.000000 1.075100 1.019061 1.087173 1.033102
121 -0.493532 1.000000 1.017888 1.019061 1.084628 1.013358
122 -0.440694 1.000000 0.975297 1.005614 1.024635 0.992813
123 1.137429 1.000000 0.983405 1.019061 1.084628 1.044047
124 0.948226 1.000000 0.940814 0.899432 0.932787 0.989613
125 -0.098573 1.000000 0.983405 0.899432 1.041084 1.039852
126 -0.340550 1.000000 0.977256 1.033008 1.093148 1.125720
127 0.091253 1.000000 0.953262 0.972397 1.093148 1.111274
128 -1.673461 1.000000 0.953262 0.972397 1.118139 1.103869
129 0.719785 1.000000 0.932018 0.910128 1.084628 1.033102
130 0.398546 1.000000 0.891349 0.850800 0.993825 0.989613
131 -2.058964 1.000000 0.868814 0.850800 1.007764 1.002214
132 -0.221386 1.000000 0.868814 0.850800 1.007764 0.988137
133 2.059246 1.000000 0.868814 0.850800 1.007764 0.948213
134 -0.783959 1.000000 0.898644 0.855254 1.084628 0.949440
135 -0.010426 1.000000 0.960557 0.978133 1.109619 1.002214
136 1.246201 1.000000 0.960557 1.018730 1.118139 0.988137
137 1.208516 1.000000 0.960557 0.978133 1.109619 0.968823
138 -0.776972 1.000000 0.969789 1.018730 1.118139 0.963562
139 -0.314893 1.000000 0.889503 1.113693 1.147632 0.961287
140 0.881162 1.000000 1.056336 1.192725 1.213913 0.994310
141 -0.475392 1.000000 0.970916 1.192725 1.191793 1.000106
142 -0.187461 1.000000 1.258535 1.198219 1.213913 1.071636
143 -1.914903 1.000000 1.258535 1.198219 1.213913 1.071636
144 0.075505 1.000000 1.345082 1.150143 1.214410 1.086597
145 -1.990580 1.000000 1.057367 1.109546 1.067205 1.063068
146 -1.470919 1.000000 1.057367 1.109546 1.153104 1.090701
147 -1.902030 1.000000 1.345082 1.150143 1.213913 1.128318
148 -1.693956 1.000000 1.345082 1.150143 1.213913 1.125720
149 -0.129086 1.000000 0.970916 1.119186 1.293248 1.106648
150 -0.735212 1.000000 1.056336 1.150143 1.303892 1.171344
151 -0.599698 1.000000 1.057367 1.150143 1.195968 1.169232
152 1.300405 1.000000 0.884369 1.119186 1.109619 1.111274
153 -0.299204 1.000000 1.056336 1.150143 1.178096 1.169856
154 1.035069 1.000000 0.884369 0.965173 1.109619 1.096684
155 0.975320 1.000000 0.925673 0.934216 1.069006 1.030642
156 0.774549 1.000000 1.056336 0.965173 1.118139 1.105160
157 0.525028 1.000000 0.874010 0.824111 1.069006 1.096684
158 0.992704 1.000000 0.811065 0.820110 0.979526 1.070511
159 -0.727802 1.000000 0.801110 0.789154 1.059970 1.052355
160 1.671102 1.000000 0.863760 0.793154 1.173043 1.122667
161 -0.090324 1.000000 0.852773 0.789154 1.059970 1.096684
162 -1.260789 1.000000 0.887657 0.793154 1.154410 1.100049
163 -0.275838 1.000000 0.887657 0.793154 1.154410 1.098172
164 -1.911296 1.000000 0.919528 0.827078 1.154410 1.111274
165 -0.188156 1.000000 0.887657 0.827078 1.154410 1.122667
166 0.329342 1.000000 0.919528 0.917858 1.154410 1.117701
167 1.110349 1.000000 0.923394 1.035263 1.155203 1.133913
168 -0.107589 1.000000 1.029718 1.167561 1.155203 1.118189
169 0.325378 1.000000 1.029718 1.167561 1.154410 1.098172
170 -15.647560 1.000000 1.029718 1.167561 1.154410 1.098172
171 -0.713145 1.000000 1.102099 1.120465 1.155203 1.106648
172 0.141477 1.000000 1.131933 0.957238 1.155203 1.090701
173 -1.717268 1.000000 0.968427 0.956236 1.093226 1.042184
174 -0.018610 1.000000 1.131933 0.971221 1.155203 1.090701
175 -0.152614 1.000000 1.102099 1.105480 1.154410 1.106773
176 -1.235812 1.000000 0.894588 0.971634 1.049746 1.059605
177 0.334738 1.000000 0.894588 0.880272 1.049150 1.059605
178 -0.622001 1.000000 0.889370 0.880272 0.970274 1.021298
179 0.324728 1.000000 0.788264 0.748648 0.970274 1.029574
180 2.677702 1.000000 0.788264 0.748648 1.049150 1.080184
181 0.031194 1.000000 0.788264 0.748648 0.980272 1.030642
182 0.387911 1.000000 0.897798 0.816213 1.050539 1.118189
183 -0.273757 1.000000 0.897798 0.816213 1.055372 1.135571
184 1.696227 1.000000 0.998433 0.945426 1.160036 1.247624
185 -0.536167 1.000000 0.993215 0.943901 1.160036 1.231895
186 1.165979 1.000000 1.103557 1.169109 1.266341 1.326080
187 2.272367 1.000000 1.137496 1.279095 1.294253 1.432352
188 1.103474 1.000000 1.137496 1.279095 1.294253 1.496162
189 -0.736036 1.000000 1.301002 1.325430 1.498434 1.663867
190 -0.315977 1.000000 1.589763 1.392995 1.679350 1.876527
191 0.955105 1.000000 1.589763 1.392995 1.679350 1.840987
192 0.173718 1.000000 1.518926 1.484734 1.755566 2.023496
193 -0.334839 1.000000 1.878463 1.569269 1.869889 2.237125
194 1.380878 1.000000 1.878463 1.569269 2.062122 2.258532
195 -1.482407 1.000000 2.081309 1.715055 2.190484 2.420870
196 -0.022129 1.000000 2.081309 1.715055 2.257412 2.425033
197 0.651304 1.000000 2.063889 1.715055 2.257412 2.425033
198 -0.118530 1.000000 2.081309 1.764171 2.338202 2.596382
199 -1.750304 1.000000 2.033385 1.803037 2.581295 2.773204
200 -3.323619 5.000000 2.381451 2.230130 2.907379 3.026913
201 0.562217 5.000000 2.381451 2.230130 2.907379 3.075772
202 -4.614241 5.000000 2.772933 2.587673 3.169419 3.364469
203 -4.612867 5.000000 2.455371 2.713210 3.375916 3.458025
204 1.643797 5.000000 2.890953 2.713210 3.375916 3.458025
205 1.577542 5.000000 2.852555 2.783414 3.491394 3.616436
206 2.775860 5.000000 3.281947 3.156654 3.661902 3.774702
207 5.865571 5.000000 3.428544 3.393494 3.811989 4.114441
208 8.234119 5.000000 3.428544 3.393494 3.767490 3.998191
209 3.095353 5.000000 3.428544 3.393494 3.767490 3.998191
210 -3.013602 5.000000 3.755627 3.592086 3.918902 4.372677
211 -5.291502 5.000000 3.755396 3.592086 4.122688 4.576830
212 4.263975 5.000000 4.176472 4.528569 4.193060 4.794995
213 -9.292755 5.000000 4.176241 4.528569 4.193060 4.871193
214 -4.697274 5.000000 4.162331 4.528569 4.242076 4.794995
215 6.553692 5.000000 5.231598 4.738991 4.582639 5.000304
216 -0.662860 5.000000 5.231598 4.738991 4.571658 4.945563
217 -1.218356 5.000000 5.269578 5.273625 4.760161 4.945563
218 3.379209 5.000000 5.315651 5.273625 4.800042 5.021326
219 4.311424 5.000000 4.987382 5.351584 5.006539 5.000304
220 5.717484 5.000000 4.218993 5.351584 4.864391 4.879123
221 4.100420 5.000000 4.145198 4.146305 4.864391 4.794995
222 -7.098843 5.000000 4.243429 4.146305 4.816507 4.782220
223 -1.387704 5.000000 3.918862 4.100949 4.755502 4.610035
224 0.571755 5.000000 3.857472 4.064052 4.302735 4.190221
225 -7.875097 5.000000 3.918862 4.100949 4.688771 4.589972
226 5.778979 5.000000 4.623486 4.189589 4.787967 4.713386
227 9.640863 5.000000 4.681051 4.224764 5.069979 5.021326
228 0.900031 5.000000 5.057731 5.394868 5.320686 5.246220
229 0.562373 5.000000 5.387646 5.351584 4.970126 5.021326
230 -13.260275 5.000000 5.387646 5.351584 4.919430 4.996126
231 2.718149 5.000000 5.301078 4.260697 4.919430 4.966821
232 -4.529446 5.000000 5.145159 4.146305 4.800042 4.652996
233 2.387767 5.000000 4.162331 4.068346 4.603683 4.644887
234 2.721147 5.000000 4.075892 3.979706 4.468489 4.520211
235 5.555074 5.000000 3.780646 3.979706 4.442412 4.399273
236 0.200443 5.000000 3.694207 3.542148 4.550858 4.405824
237 4.205586 5.000000 3.694207 3.542148 4.550858 4.405824
238 -1.268130 5.000000 3.694207 3.542148 4.550858 4.385338
239 5.057468 5.000000 3.694207 4.068346 4.603683 4.463309
240 1.938970 5.000000 3.694207 4.068346 4.603683 4.596383
241 0.024430 5.000000 3.694207 4.068346 4.603683 4.589972
242 2.260724 5.000000 3.200598 3.542148 4.448770 4.500147
243 4.582206 5.000000 3.200598 3.542148 4.448770 4.534378
244 0.630058 5.000000 3.694207 4.057666 4.679094 4.628659
245 -3.644809 5.000000 4.193113 4.260697 4.883738 5.002537
246 -7.761540 5.000000 3.780646 4.057666 4.636933 4.644887
247 9.875363 5.000000 3.680297 3.656540 4.636933 4.893271
248 -11.306466 5.000000 3.483929 3.160282 4.170773 4.598910
249 -1.032675 5.000000 3.488374 3.656540 4.636933 4.879310
250 1.054487 5.000000 4.729711 3.936705 5.098362 5.384008
251 -1.542016 5.000000 3.737196 3.656540 4.636933 4.964392
252 0.368271 5.000000 3.998152 3.656540 4.622022 4.847064
253 -1.002730 5.000000 3.737196 4.057666 4.636933 4.644887
254 3.390589 5.000000 4.990668 4.260697 4.705442 4.879310
255 -1.919953 5.000000 4.990668 4.260697 4.622022 4.534378
256 -6.303733 5.000000 4.835276 3.936705 4.688771 4.651672
257 -0.399922 5.000000 5.595405 4.540862 4.918525 4.966821
258 -0.643083 5.000000 4.835276 3.936705 4.893415 4.857668
259 6.080277 5.000000 4.990668 3.936705 4.622022 4.831081
260 6.874898 5.000000 3.315529 3.099136 3.873154 4.603781
261 4.871720 5.000000 4.990668 3.936705 4.622022 4.644887
262 -1.156272 5.000000 5.328332 4.167394 5.001482 4.963970
263 -11.091105 5.000000 5.595405 5.260739 5.019805 5.041774
264 6.681987 5.000000 5.619811 5.215340 5.019805 5.229324
265 -4.581508 5.000000 5.334625 5.636815 5.269179 5.575973
266 1.527410 5.000000 5.695136 5.867504 5.586700 5.738940
267 -7.188982 5.000000 5.695136 5.867504 5.586700 5.691624
268 -0.754286 5.000000 5.385001 5.657474 5.586700 5.661132
269 7.822788 5.000000 5.385001 5.657474 5.303160 5.474633
270 -7.271588 5.000000 5.385001 5.657474 5.303781 5.712579
271 -0.647836 5.000000 5.702625 5.657474 5.303781 5.770878
272 -0.383459 5.000000 5.695136 5.657474 5.303160 5.752622
273 5.063808 5.000000 5.702625 5.657474 5.054122 5.737772
274 -4.241238 5.000000 5.702625 5.657474 5.054122 5.737772
275 0.107873 5.000000 5.696934 5.543813 5.364874 5.874387
276 -4.490366 5.000000 5.702625 5.543813 5.342140 5.947527
277 4.210545 5.000000 5.695136 5.628783 5.344592 5.884553
278 1.230910 5.000000 5.769919 5.888162 5.994389 5.960932
279 1.256412 5.000000 5.769919 5.888162 5.994389 6.036620
280 1.324993 5.000000 5.696934 5.628783 5.428206 5.960932
281 5.724715 5.000000 5.696934 5.620125 5.344592 5.752622
282 3.701784 5.000000 5.539112 5.543813 5.344581 5.707877
283 -3.394856 5.000000 5.674240 5.703303 5.479595 5.960932
284 -11.404739 5.000000 5.539112 5.543813 5.294530 5.682901
285 -4.213370 5.000000 5.539112 5.543813 5.294530 5.682901
286 11.059266 5.000000 5.377953 5.518625 5.335961 5.605745
287 -4.275216 5.000000 5.220131 5.518625 5.277917 5.646749
288 -10.902450 5.000000 5.327577 5.512708 5.175387 5.335664
289 -6.415396 5.000000 5.377953 5.518625 5.843820 5.706934
290 -4.233255 5.000000 5.327577 5.114187 5.640505 5.356382
291 3.203285 5.000000 5.520707 5.108270 5.303781 5.082667
292 -0.243010 5.000000 5.312477 5.108270 4.981409 5.063582
293 -2.292388 5.000000 5.312477 5.108270 5.554852 5.074195
294 -0.988202 5.000000 5.312477 5.108270 5.554852 5.106748
295 -8.617249 5.000000 5.006654 5.093529 4.383496 5.035319
296 0.682730 5.000000 5.109478 5.093529 5.084121 5.038606
297 3.351886 5.000000 4.978750 4.610367 4.383496 4.867844
298 5.708072 5.000000 4.672927 4.205568 4.902923 4.722350
299 -1.390486 5.000000 4.920132 4.610367 5.113957 5.106748
300 -3.561594 5.000000 5.109478 5.014805 5.128198 5.391971
301 3.340206 5.000000 5.126275 5.497967 5.718812 5.706934
302 -4.961103 5.000000 5.010472 5.093529 5.336958 5.511373
303 -9.348193 5.000000 5.010472 5.093529 5.336958 5.577010
304 -0.853739 5.000000 5.010472 5.093529 5.336958 5.589529
305 6.683526 5.000000 5.064063 4.687134 5.211245 5.399548
306 1.934211 5.000000 4.920132 4.938380 5.292158 5.570167
307 -1.084508 5.000000 4.920132 4.938380 5.128198 5.473333
308 2.111639 5.000000 4.803655 4.432619 5.084121 5.356382
309 -11.472716 5.000000 4.076631 4.175442 4.902923 5.279437
310 2.657706 5.000000 4.076631 4.175442 4.902923 5.106748
311 0.815234 5.000000 3.957290 4.008303 4.853005 4.881096
312 0.732248 5.000000 4.076631 4.016961 5.084121 5.279437
313 -2.066920 5.000000 4.150046 4.016961 5.084121 5.371390
314 5.820691 5.000000 4.003756 3.636978 4.853005 5.304413
315 -0.036735 5.000000 3.837279 3.636978 4.363936 5.184403
316 -0.817591 5.000000 3.837279 3.636978 4.363936 5.058771
317 1.751958 5.000000 4.439558 4.138418 4.853005 5.159427
318 -1.279063 5.000000 5.281110 5.146236 5.283907 5.473333
319 9.049142 5.000000 4.273081 4.138418 5.283907 5.251880
320 5.217183 5.000000 4.439558 4.138418 4.853005 5.294091
321 -8.288637 5.000000 4.439558 4.138418 4.853005 5.228289
322 -2.776235 5.000000 5.114633 4.559194 5.348747 5.204853
323 4.875258 5.000000 5.114633 4.559194 5.348747 5.294091
324 -3.458497 5.000000 4.439558 4.426764 4.955135 4.978755
325 2.761264 5.000000 4.439558 4.426764 4.955135 4.978755
326 8.652122 5.000000 4.413971 4.138418 4.772958 4.711363
327 5.928311 5.000000 4.413971 4.138418 4.772958 4.718688
328 1.889721 5.000000 4.865697 4.426764 4.955135 5.182514
329 7.320146 5.000000 4.439558 4.426764 5.283907 5.178847
330 -4.416639 5.000000 4.413971 4.136959 4.772958 4.641304
331 -1.036730 5.000000 4.273081 4.136959 4.487097 4.534561
332 12.419299 5.000000 4.337904 4.136959 4.487097 4.591389
333 1.658067 5.000000 4.515625 4.426764 4.631147 4.915916
334 3.515730 5.000000 5.179456 4.847541 5.040168 5.142322
335 0.927521 5.000000 4.515625 4.559194 4.631147 4.730982
336 -3.607262 5.000000 5.217131 4.847541 5.040168 4.978755
337 -2.634539 5.000000 5.455759 5.433643 5.314278 5.228289
338 12.181637 5.000000 5.455759 5.433643 5.314278 5.228289
339 -0.158993 5.000000 5.455759 5.433643 5.314278 5.293852
340 1.784266 5.000000 5.217131 4.847541 4.567238 4.804339
341 -3.287667 5.000000 5.179456 4.646519 4.715363 5.159204
342 -2.752338 5.000000 4.625898 4.559194 4.434477 4.730982
343 -6.136168 5.000000 4.663573 4.570761 4.487097 4.798812
344 3.904704 5.000000 4.477950 4.541376 4.487097 4.739118
345 -1.675977 5.000000 4.477950 4.541376 4.825596 5.142322
346 3.096701 5.000000 4.477950 4.541376 4.641262 4.959511
347 1.605890 5.000000 4.419179 4.282415 4.359785 4.645731
348 15.544441 5.000000 4.419179 4.282415 4.322957 4.629714
349 -1.288100 5.000000 4.470847 4.559194 4.497622 4.915916
350 -0.229852 5.000000 4.456855 4.248568 4.439661 4.609383
351 0.329253 5.000000 3.901258 3.971789 4.065422 4.449698
352 0.858956 5.000000 3.859947 3.971789 3.929714 4.288101
353 -5.500308 5.000000 3.901258 4.034029 3.929714 4.166432
354 -3.892115 5.000000 4.333392 4.034029 4.199089 4.275990
355 0.884368 5.000000 4.456855 4.034029 4.311449 4.343885
356 5.834929 5.000000 4.778050 4.121353 4.497622 4.469879
357 4.695344 5.000000 4.304703 4.034029 4.311449 4.372944
358 2.807291 5.000000 4.304703 4.121353 4.311449 4.427750
359 -2.261169 5.000000 4.304703 4.121353 4.005256 4.372944
360 0.642313 5.000000 4.456855 4.335893 3.978050 4.469879
361 -8.654712 5.000000 4.470847 4.796260 4.175938 4.731294
362 -0.092398 5.000000 4.433171 4.541376 4.186231 4.915916
363 6.487920 5.000000 4.419179 4.395123 4.136632 4.731294
364 3.865063 5.000000 4.419179 4.395123 4.136632 4.731294
365 -14.569866 5.000000 4.371067 4.285903 4.136632 4.709270
366 1.053951 5.000000 4.419179 4.432156 4.504785 4.742014
367 1.379787 5.000000 4.470847 4.603911 4.474791 4.851329
368 3.874501 5.000000 4.625898 4.713131 4.667231 5.173955
369 -7.232712 5.000000 4.648213 4.603911 4.322957 4.709270
370 1.757142 5.000000 4.778050 4.848752 4.463610 4.842387
371 2.634704 5.000000 4.792042 5.538047 4.667231 5.068787
372 1.748700 5.000000 4.756900 5.538047 4.633249 5.047151
373 -2.823149 5.000000 4.963788 5.538047 4.667231 5.148903
374 -2.063877 5.000000 5.072474 4.957972 4.889501 5.305669
375 4.417386 5.000000 4.756900 4.870919 4.722181 5.313927
376 -3.752995 5.000000 4.756900 4.870919 4.899794 5.228880
377 0.589799 5.000000 4.778050 4.761699 4.837104 5.133296
378 -4.463349 5.000000 4.855907 4.408166 4.903747 5.172565
379 6.907824 5.000000 4.855907 4.408166 4.802487 5.148903
380 3.717728 5.000000 4.855907 4.408166 4.727607 5.131172
381 7.597070 5.000000 5.427202 5.097461 4.972918 5.173955
382 9.747758 5.000000 5.427202 5.097461 4.972918 5.073570
383 -0.360552 5.000000 5.236860 5.097461 5.078670 5.049937
384 -6.328120 5.000000 5.029636 4.735202 5.173245 4.858752
385 3.123386 5.000000 5.029636 4.735202 5.173245 4.988539
386 -4.982464 5.000000 4.958063 4.501532 5.078670 4.858752
387 -2.492864 5.000000 5.029636 4.501532 5.002814 4.869931
388 5.177591 5.000000 5.029636 4.501532 5.002814 4.858752
389 -0.220782 5.000000 4.440767 4.139272 5.002814 4.802576
390 -5.183332 5.000000 4.440767 4.139272 5.002814 4.599155
391 -4.813882 5.000000 5.029636 4.501532 5.301365 4.737383
392 0.715621 5.000000 5.293867 5.097461 5.222898 4.737383
393 -2.705716 5.000000 5.592575 5.624047 5.364765 5.034031
394 9.502533 5.000000 5.592575 5.624047 5.324491 5.065919
395 -2.090813 5.000000 6.175039 6.064632 5.470516 5.173955
396 1.972222 5.000000 5.954226 5.624047 5.430242 5.034031
397 -1.214261 5.000000 6.175039 5.805547 5.596937 5.323906
398 -5.184635 5.000000 6.175039 5.805547 5.596937 5.313927
399 1.471915 5.000000 6.046458 5.805547 5.646401 5.350998
400 -0.936050 5.000000 5.165286 5.301113 5.528275 5.209911
401 -6.740659 5.000000 5.165286 5.301113 5.561079 5.301063
402 -4.846911 5.000000 4.156418 5.191195 5.528275 5.174001
403 -0.447279 5.000000 3.936580 4.952190 4.829758 4.829573
404 -2.949098 5.000000 4.284999 4.952190 5.347469 4.858752
405 6.255510 5.000000 4.045001 4.286611 4.829758 4.829573
406 7.713422 5.000000 4.045001 4.286611 5.347469 5.149333
407 -2.094391 5.000000 4.257300 3.997098 4.912404 5.274512
408 0.917200 5.000000 4.287649 4.396529 4.954329 5.286284
409 2.442914 5.000000 4.257300 4.286611 4.912404 4.862131
410 -4.708191 5.000000 4.257300 4.286611 4.912404 5.090271
411 5.631424 5.000000 3.914013 3.887179 4.650344 4.839602
412 -5.421105 5.000000 4.331479 3.816679 4.573163 5.072900
413 -12.296347 5.000000 4.552414 3.816679 4.573163 5.103898
414 -2.205921 5.000000 4.552414 3.997098 4.573163 5.184600
415 4.503806 5.000000 4.387058 3.997098 4.484631 4.857745
416 -0.077589 5.000000 4.630339 4.272474 4.437477 4.957424
417 -11.206864 5.000000 4.552414 4.272474 4.484631 4.839602
418 1.500243 5.000000 5.381746 4.272474 4.609187 4.956988
419 1.812451 5.000000 4.552414 4.136224 4.484631 4.724219
420 0.434045 5.000000 5.172968 4.272474 4.961299 5.096248
421 7.684015 5.000000 5.445469 4.671906 4.962531 5.205085
422 2.294635 5.000000 5.381746 4.652682 4.609187 5.017013
423 0.864640 5.000000 5.381746 4.652682 4.609187 4.986194
424 -3.487923 5.000000 5.381746 4.652682 4.609187 5.072900
425 2.814391 5.000000 4.552414 4.516431 4.519173 5.090271
426 12.837914 5.000000 4.343636 4.671906 4.279213 4.986194
427 4.761137 5.000000 4.289517 4.396529 4.192072 4.752178
428 -4.477532 5.000000 4.043520 4.671906 4.279213 4.551350
429 1.303452 5.000000 4.351937 4.671906 4.279213 4.688257
430 -1.099795 5.000000 5.048064 4.671906 4.364926 4.662450
431 1.539987 5.000000 4.289517 4.136224 4.243410 4.415913
432 4.900701 5.000000 4.024672 3.750929 4.188295 4.134028
433 2.157716 5.000000 3.529102 3.336262 4.065719 3.945399
434 -5.373555 5.000000 3.511706 3.135109 3.910426 3.763098
435 3.369386 5.000000 3.752512 3.063013 3.935502 3.686000
436 4.774591 5.000000 3.752512 3.063013 4.033002 3.742874
437 0.723821 5.000000 3.752512 3.063013 3.935502 3.742874
438 -2.765298 5.000000 3.099479 3.040700 3.310097 3.561608
439 -0.110626 5.000000 3.099479 3.040700 3.310097 3.529767
440 -10.941173 5.000000 3.099479 3.040700 3.310097 3.529767
441 -5.199335 5.000000 2.918415 3.040700 3.310097 3.561608
442 3.327284 5.000000 3.099479 2.939203 3.310097 3.478121
443 -4.480336 5.000000 3.099479 2.631717 3.310097 3.478121
444 -0.918793 5.000000 3.012698 2.631717 3.310097 3.442915
445 -1.934569 5.000000 2.703694 2.608728 3.131815 3.231079
446 -3.999568 5.000000 2.416000 2.540414 2.933102 3.099830
447 -1.807214 5.000000 2.068130 2.528496 2.827115 2.969671
448 3.451138 5.000000 2.044295 2.458291 2.553253 2.685466
449 -0.773710 5.000000 2.044295 2.131967 2.428477 2.591104
450 -0.210281 1.000000 2.044295 2.131967 2.251567 2.591104
451 1.634693 1.000000 1.929770 2.179489 2.395212 2.580917
452 0.099787 1.000000 2.044295 2.179489 2.218302 2.565652
453 1.399718 1.000000 2.058882 2.455542 2.218302 2.572988
454 -1.837313 1.000000 2.013516 2.418743 2.115226 2.423295
455 1.536279 1.000000 2.013516 2.092419 2.101201 2.210105
456 15.461575 1.000000 1.942990 2.027986 2.082939 2.139251
457 0.245996 1.000000 1.927278 1.765415 2.069165 2.022400
458 0.063799 1.000000 1.980634 1.765415 2.035218 2.099358
459 0.845947 1.000000 1.913265 1.657701 1.858039 1.964217
460 1.486638 1.000000 1.927278 1.765415 2.035218 2.101232
461 1.742924 1.000000 1.912742 1.657701 1.843216 1.932605
462 -1.776202 1.000000 1.839375 1.863433 1.734962 1.861585
463 1.650770 1.000000 1.912742 1.657701 1.670353 1.790977
464 0.255835 1.000000 1.783876 1.600862 1.628975 1.709738
465 1.045515 1.000000 1.783876 1.600862 1.628975 1.688697
466 0.710777 1.000000 1.725294 1.469406 1.484396 1.591194
467 -0.936687 1.000000 1.652245 1.418806 1.454122 1.499168
468 0.742553 1.000000 1.652245 1.418806 1.380636 1.481326
469 -1.335997 1.000000 1.497030 1.270866 1.359474 1.374527
470 0.333081 1.000000 1.477476 1.270866 1.315445 1.306576
471 1.604094 1.000000 1.477476 1.270866 1.315445 1.315489
472 0.196511 1.000000 1.200152 1.231242 1.145298 1.261929
473 -15.658232 1.000000 1.492262 1.270866 1.315445 1.388793
474 0.792495 1.000000 1.185367 1.270866 1.177150 1.366498
475 -1.114018 1.000000 1.175307 1.208340 1.177150 1.380593
476 -0.475007 1.000000 1.175307 1.208340 1.145298 1.354679
477 -0.760521 1.000000 1.175307 1.208340 1.069780 1.274487
478 -1.190693 1.000000 1.237274 1.208340 1.162648 1.312312
479 0.320925 1.000000 1.237274 1.208340 1.162648 1.304296
480 -2.307515 1.000000 1.212429 1.208340 1.138404 1.302200
481 0.252781 1.000000 1.153848 1.151250 1.100690 1.252087
482 1.865834 1.000000 1.134725 1.194220 1.098508 1.195271
483 -1.692357 1.000000 1.134725 1.194220 1.098508 1.188332
484 -0.868428 1.000000 1.073416 1.170664 1.089281 1.154155
485 -0.489642 1.000000 1.078216 1.194220 1.164161 1.195271
486 0.236023 1.000000 1.072276 1.170664 1.089281 1.173121
487 0.371736 1.000000 1.072276 0.987914 1.080448 1.163880
488 -1.254621 1.000000 1.073416 1.114228 1.009357 1.188784
489 -0.031377 1.000000 1.186455 0.907922 1.138735 1.188784
490 -0.222826 1.000000 1.072276 0.900546 1.004602 1.138235
491 0.008775 1.000000 1.186455 1.143874 1.098508 1.176948
492 0.464250 1.000000 1.186455 1.143874 1.098508 1.162788
493 2.802897 1.000000 1.189420 1.143874 1.126600 1.175016
494 0.869507 1.000000 1.085499 1.080370 1.080448 1.107148
495 2.349648 1.000000 1.125805 0.900546 1.032490 1.097603
496 1.099712 1.000000 1.085499 0.837042 1.080448 1.065844
497 1.266472 1.000000 1.088464 0.932983 1.022144 1.065844
498 -0.581749 1.000000 1.078216 1.075816 1.034653 1.124375
499 0.183612 1.000000 1.078216 1.075816 1.034653 1.093282
500 0.142260 1.000000 1.088464 1.075816 1.022144 1.067466
501 -0.085219 1.000000 1.073416 1.007537 0.925369 1.017065
502 -1.249745 1.000000 1.073416 1.007537 0.943281 1.050149
503 -1.112341 1.000000 0.997718 0.981448 0.943281 1.061808
504 -0.421823 1.000000 0.997718 0.981448 0.943281 1.027143
505 1.425884 1.000000 1.073416 1.007537 0.920746 1.032999
506 0.069254 1.000000 1.061712 1.008918 0.978240 1.059877
507 0.173353 1.000000 1.119515 1.041781 1.049548 1.128557
508 0.938138 1.000000 1.090885 1.041781 1.043157 1.133280
509 -0.750569 1.000000 1.090885 1.041781 1.043157 1.121444
510 0.067254 1.000000 1.119515 1.041781 1.006157 1.133280
511 1.352565 1.000000 1.112228 1.041781 1.052769 1.134882
512 0.889468 1.000000 1.053010 1.041781 1.080448 1.125722
513 -0.664905 1.000000 1.053010 1.041781 1.104522 1.134882
514 -0.471544 1.000000 0.963269 1.008918 1.063664 1.052303
515 -1.162472 1.000000 1.112228 1.090613 1.009540 1.067466
516 0.288422 1.000000 1.112228 1.090613 1.009540 1.057772
517 0.593672 1.000000 1.061712 1.067702 0.962455 1.052303
518 1.797173 1.000000 1.045063 1.067228 0.964114 1.050149
519 -0.910366 1.000000 1.045063 1.048787 0.964114 1.050149
520 -0.170271 1.000000 1.061041 1.048787 0.980201 1.044728
521 0.538727 1.000000 1.045063 1.048787 0.980201 1.031639
522 0.742206 1.000000 1.045063 1.048787 1.020586 1.031639
523 -3.051487 1.000000 1.014942 0.985534 0.964894 0.979797
524 -0.682138 1.000000 0.998266 0.973059 0.962455 0.975757
525 0.933800 1.000000 0.950954 0.973059 0.951256 0.940912
526 1.629978 1.000000 0.909525 0.972585 0.962171 0.914593
527 2.480905 1.000000 0.932540 0.985534 0.964894 0.940912
528 0.153676 1.000000 0.998266 1.048787 1.030724 0.940912
529 -1.048369 1.000000 0.998266 1.048787 1.112643 0.970398
530 0.857923 1.000000 0.956837 0.986008 1.123092 1.051045
531 0.702038 1.000000 0.956837 0.986008 1.127931 1.056405
532 0.483993 1.000000 0.932540 0.985534 1.089465 1.027175
533 0.858562 1.000000 0.998266 0.985534 1.127151 1.057754
534 0.479959 1.000000 0.909525 0.972585 1.069988 1.063013
535 -1.118587 1.000000 0.895335 0.897648 1.069988 1.051045
536 1.778968 1.000000 0.886719 0.890553 1.047198 0.980895
537 0.056305 1.000000 0.901054 0.897648 1.144511 1.082007
538 -0.454076 1.000000 0.957363 0.897648 1.036490 1.061768
539 -0.556872 1.000000 0.957363 0.897648 1.036490 1.041062
540 -0.265134 1.000000 0.901054 0.890553 1.112643 1.030154
541 0.451695 1.000000 0.901054 0.890553 1.127151 1.008409
542 -0.352988 1.000000 0.901054 0.890553 1.061264 0.999284
543 0.260478 1.000000 0.957363 0.897648 1.036490 1.041263
544 1.238717 1.000000 1.038294 0.891027 1.036490 0.977273
545 0.492358 1.000000 1.038294 0.891027 1.036490 1.041062
546 -0.329513 1.000000 0.957363 0.897648 0.987749 1.033279
547 -1.028432 1.000000 0.970510 0.969674 0.959953 0.968247
548 -0.693736 1.000000 0.874177 0.857027 0.945648 0.916548
549 1.782936 1.000000 0.942935 0.857027 0.987749 0.937164
550 15.818794 1.000000 0.874177 0.782090 0.953131 0.905967
551 -0.255493 1.000000 0.802865 0.757416 0.913007 0.886705
552 0.032752 1.000000 0.802865 0.713530 0.913007 0.875255
553 1.442903 1.000000 0.817252 0.713530 0.878542 0.860304
554 -0.343417 1.000000 0.817252 0.713530 0.878542 0.864776
555 -0.303262 1.000000 0.817252 0.713530 0.823233 0.845104
556 -0.268796 1.000000 0.774382 0.713530 0.798197 0.822710
557 -1.543759 1.000000 0.751392 0.775898 0.748980 0.805205
558 -0.070619 1.000000 0.781833 0.788467 0.756806 0.824487
559 1.054617 1.000000 0.834669 0.713530 0.874077 0.834041
560 0.853996 1.000000 0.835711 0.706435 0.910085 0.835011
561 -0.226444 1.000000 0.849056 0.713530 0.916851 0.873077
562 0.188203 1.000000 0.867515 0.882915 0.941887 0.920355
563 -1.475397 1.000000 0.867515 0.882915 0.941887 0.924734
564 1.306774 1.000000 0.923833 0.926801 0.953131 0.951755
565 -1.242503 1.000000 0.867515 0.882915 0.922189 0.920355
566 -0.621848 1.000000 0.929558 0.912836 0.894256 0.926640
567 -0.642380 1.000000 0.933375 0.928056 0.966058 0.976884
568 0.609551 1.000000 0.983282 0.956722 0.955139 0.985566
569 0.668753 1.000000 0.951478 0.926801 0.938918 0.964261
570 -0.115041 1.000000 0.879496 0.882915 0.916851 0.914806
571 -0.049168 1.000000 0.867515 0.900267 0.903496 0.852394
572 0.592595 1.000000 0.879496 0.900267 0.860845 0.852394
573 -0.191465 1.000000 0.879496 0.900267 0.898372 0.901035
574 0.986086 1.000000 0.849056 0.842384 0.806022 0.825155
575 0.130059 1.000000 0.849056 0.842384 0.806022 0.834041
576 -0.581485 1.000000 0.879496 0.857604 0.875408 0.914806
577 -0.954385 1.000000 0.951478 0.931466 0.923408 0.955787
578 0.873495 1.000000 0.934414 0.915487 0.923408 0.975591
579 0.514512 1.000000 0.959553 0.989350 0.938532 1.017289
580 0.236322 1.000000 0.934414 0.931466 0.915476 0.975591
581 -0.742019 1.000000 0.896560 0.913349 0.883543 0.964261
582 -1.569790 1.000000 0.900866 0.913349 0.867634 0.964261
583 -0.428112 1.000000 0.930108 0.931466 0.915476 1.071690
584 1.362854 1.000000 0.930108 0.931466 0.915476 1.096653
585 0.014266 1.000000 0.930108 0.931466 0.939227 1.125413
586 -1.379133 1.000000 0.930108 0.931466 0.955731 1.138339
587 -1.228347 1.000000 0.955246 1.088893 0.972625 1.147308
588 1.129630 1.000000 1.043018 1.256805 1.007069 1.148425
589 0.000026 1.000000 1.048592 1.256805 1.063383 1.205405
590 0.315187 1.000000 1.044285 1.238687 1.036973 1.177336
591 -1.197582 1.000000 1.350876 1.251058 1.181140 1.273989
592 -0.034754 1.000000 1.359139 1.273864 1.329732 1.317496
593 0.397784 1.000000 1.598340 1.224727 1.460323 1.408617
594 -0.037659 1.000000 1.614426 1.317228 1.508528 1.589512
595 -0.217015 1.000000 1.453787 1.255999 1.516079 1.564340
596 -2.014863 1.000000 1.499401 1.317228 1.657350 1.668902
597 -1.887054 1.000000 1.668693 1.385642 1.761323 1.818586
598 1.641117 1.000000 1.765315 1.403759 1.931545 1.901629
599 -1.254351 1.000000 1.707246 1.385642 1.924872 1.825985
600 0.108400 3.000000 1.827243 1.385642 1.924872 1.954925
601 0.490072 3.000000 1.892248 1.859746 1.924987 2.096900
602 0.008793 3.000000 1.892248 1.859746 1.924987 2.096900
603 2.997641 3.000000 1.916350 1.860109 1.973322 2.215651
604 -3.347985 3.000000 1.916350 1.860109 1.973322 2.215651
605 4.543545 3.000000 1.916350 1.860109 1.973322 2.302730
606 -2.034774 3.000000 1.988870 2.129106 2.103072 2.396861
607 -1.180894 3.000000 2.162969 2.122085 2.185209 2.411543
608 -1.783292 3.000000 2.450037 2.141361 2.199375 2.461461
609 6.100999 3.000000 2.474548 2.146410 2.237281 2.540909
610 -0.102829 3.000000 2.484646 2.243061 2.265744 2.601845
611 -3.885730 3.000000 2.592383 2.481996 2.424726 2.658816
612 -1.493656 3.000000 2.592383 2.481996 2.424726 2.644251
613 -3.297359 3.000000 2.613385 2.481996 2.580747 2.699986
614 -5.008837 3.000000 2.588076 2.481996 2.528738 2.699986
615 -0.869117 3.000000 2.645292 2.659393 2.698299 2.808248
616 4.425439 3.000000 2.645292 2.659393 2.729840 2.762799
617 2.807595 3.000000 2.613385 2.481996 2.780789 2.740275
618 2.108389 3.000000 2.613385 2.481996 2.780789 2.701181
619 -0.685891 3.000000 2.550966 2.616546 2.660747 2.685061
620 1.254902 3.000000 2.575477 2.659393 2.848193 2.906569
621 1.771498 3.000000 2.846723 2.729457 2.868415 2.906569
622 -0.302315 3.000000 2.885487 2.729457 2.868415 2.896194
623 2.242549 3.000000 2.885487 2.729457 2.970128 2.903450
624 -0.595095 3.000000 2.885487 2.704880 2.970128 2.865029
625 1.617774 3.000000 2.885487 2.704880 2.916815 2.725071
626 1.634306 3.000000 2.860386 2.490523 2.780789 2.618938
627 2.093815 3.000000 2.860386 2.486965 2.780789 2.555220
628 -2.924627 3.000000 2.821623 2.486965 2.767425 2.606765
629 3.448153 3.000000 2.846723 2.486965 2.780789 2.689642
630 2.966387 3.000000 2.860386 2.385265 2.668373 2.509029
631 3.287939 3.000000 2.901378 2.388823 2.807509 2.593412
632 -1.109032 3.000000 2.901378 2.388823 2.885745 2.620717
633 1.392653 3.000000 2.901378 2.560515 2.917290 2.739487
634 -0.328460 3.000000 2.901378 2.560515 2.917290 2.693841
635 -3.796088 3.000000 2.909998 2.490523 2.913214 2.580587
636 -0.564299 3.000000 2.871234 2.490523 2.921761 2.618938
637 1.171487 3.000000 2.909998 2.560515 2.953642 2.683576
638 -1.819781 3.000000 2.879136 2.708212 2.877988 2.683576
639 -1.435856 3.000000 2.758633 2.695662 2.676878 2.620717
640 -6.438690 3.000000 2.879136 2.708212 2.875264 2.624484
641 -1.588172 3.000000 2.901378 2.720467 2.877988 2.618938
642 -1.583372 3.000000 2.901378 2.720467 2.959294 2.749752
643 1.600844 3.000000 2.901378 2.720467 3.238340 2.743285
644 2.060660 3.000000 2.901378 2.720467 3.238340 2.743285
645 -2.295968 3.000000 3.210042 2.913512 3.539941 2.848598
646 -0.178108 3.000000 3.011930 2.913512 3.231812 2.758265
647 -1.014658 3.000000 3.011930 2.918731 3.231812 2.758265
648 0.607130 3.000000 2.949260 2.888707 2.875264 2.743285
649 -2.506250 3.000000 3.011930 2.695662 3.059425 2.718478
650 -1.403625 3.000000 3.011930 2.598099 3.053427 2.689642
651 -8.028533 3.000000 2.924747 2.541330 2.762414 2.538213
652 -4.946371 3.000000 2.714862 2.377379 2.676878 2.365749
653 -2.455768 3.000000 2.919285 2.541330 3.033267 2.475046
654 -2.849491 3.000000 2.720324 2.377379 3.033267 2.492932
655 3.219823 3.000000 2.919285 2.598099 3.193748 2.528325
656 0.954373 3.000000 2.567372 2.499020 3.149137 2.249963
657 -18.565652 3.000000 2.919285 2.598099 3.193748 2.492932
658 -2.035554 3.000000 2.919285 2.598099 3.193748 2.365749
659 -1.485858 3.000000 2.755097 2.598099 3.189256 2.446993
660 1.641346 3.000000 2.697523 2.695662 2.976980 2.446993
661 2.337248 3.000000 2.565074 2.596583 2.905234 2.207343
662 5.797985 3.000000 2.542668 2.626607 2.351580 2.365749
663 1.092394 3.000000 2.542668 2.725686 2.434436 2.446993
664 2.363627 3.000000 2.567206 2.735403 2.722161 2.725088
665 -3.046177 3.000000 2.581776 2.735403 2.722161 2.957221
666 -1.901898 3.000000 2.513542 2.636324 2.708998 2.781497
667 1.654455 3.000000 2.536903 3.044049 2.943128 2.781497
668 -1.034876 3.000000 2.536903 3.044049 2.947405 2.781497
669 1.469234 3.000000 2.924485 3.044049 3.033051 2.697463
670 1.062924 3.000000 2.502933 2.735639 2.561448 2.539779
671 -1.018342 3.000000 2.502933 3.044049 2.577433 2.659349
672 0.692775 3.000000 2.100254 2.735639 2.411250 2.452413
673 2.370975 3.000000 1.939315 2.401326 2.241089 2.339270
674 0.680703 3.000000 1.939315 2.401326 2.241089 2.339270
675 2.353799 3.000000 1.939315 2.401326 2.241089 2.372086
676 0.622243 3.000000 1.928421 2.401326 2.046340 2.313725
677 -4.024787 3.000000 1.928421 2.401326 2.101096 2.339270
678 1.398995 3.000000 1.928421 2.401326 2.101096 2.195268
679 -0.459292 3.000000 1.928421 2.401326 2.101096 2.313725
680 2.204468 3.000000 1.884730 2.444471 2.101096 2.350454
681 1.206986 3.000000 1.895624 2.487499 2.334113 2.436448
682 3.452934 3.000000 2.256838 2.456728 2.411250 2.496133
683 -4.155428 3.000000 2.256838 2.456728 2.334113 2.429935
684 4.569687 3.000000 2.446054 2.456728 2.577433 2.470298
685 4.303976 3.000000 2.589423 2.456728 2.577433 2.489142
686 1.475320 3.000000 2.589423 2.456728 2.577433 2.508606
687 2.642578 3.000000 2.589423 2.456728 2.627244 2.509973
688 -1.018165 3.000000 2.536903 3.012314 2.815284 2.761247
689 1.832124 3.000000 2.536641 3.012314 2.705022 2.664034
690 0.728376 3.000000 2.518742 3.012314 2.752862 2.888544
691 -3.682597 3.000000 2.592671 3.448745 3.003536 2.999890
692 0.075563 3.000000 2.592671 3.448745 2.983071 2.897447
693 1.913475 3.000000 2.703981 3.448745 3.003536 2.919299
694 -2.373089 3.000000 2.776073 3.393343 2.928443 2.993320
695 -4.928370 3.000000 3.267118 3.393343 3.040472 2.999890
696 2.279204 3.000000 3.228179 3.177630 3.059849 2.999890
697 0.481364 3.000000 3.360459 3.258577 2.985805 3.060622
698 -1.784352 3.000000 3.288975 3.393343 3.118642 3.130957
699 -3.019125 3.000000 3.580446 3.474290 3.248101 3.292068
700 3.809892 3.000000 3.651930 3.474290 3.118954 3.292068
701 3.068653 3.000000 3.651930 3.529691 3.209772 3.299164
702 -2.482284 3.000000 3.651930 3.529691 3.220083 3.316380
703 2.882974 3.000000 3.360459 3.258577 3.187937 3.230511
704 -0.921465 3.000000 3.228179 3.177630 3.115824 3.140602
705 2.572128 3.000000 3.168363 3.117324 2.948163 3.038754
706 -4.217676 3.000000 3.201906 3.179300 2.982675 2.909659
707 -2.768101 3.000000 3.239847 3.198271 2.985805 3.059858
708 -6.526300 3.000000 3.235690 3.179300 3.003536 2.931256
709 -0.304908 3.000000 3.201906 3.179300 2.916958 2.909659
710 -0.782297 3.000000 2.811938 2.586985 2.692556 2.842997
711 -3.562248 3.000000 3.106495 2.959216 2.911837 2.909659
712 0.547164 3.000000 3.018241 2.889990 2.732246 2.846009
713 -0.585658 3.000000 3.156695 3.110074 2.804846 2.919359
714 -1.328922 3.000000 2.811938 2.889990 2.692556 2.846009
715 -0.353123 3.000000 3.018241 2.889990 2.732246 2.882257
716 -1.559586 3.000000 2.761738 2.513794 2.589684 2.717177
717 -3.243840 3.000000 2.761738 2.513794 2.589684 2.702338
718 19.863106 3.000000 2.876630 2.571240 2.655020 2.770927
719 -5.720992 3.000000 3.018241 2.947436 2.804846 2.900036
720 -0.241575 3.000000 3.039511 2.733878 2.830864 2.878981
721 3.389403 3.000000 2.855361 2.571240 2.649434 2.801957
722 1.806533 3.000000 2.876630 2.889990 2.732246 2.801957
723 -1.126151 3.000000 2.855361 2.571240 2.649434 2.818511
724 0.648574 3.000000 2.855361 2.571240 2.649434 2.781123
725 1.007511 3.000000 2.948170 2.947436 2.725765 2.834541
726 -2.869856 3.000000 2.876630 2.889990 2.741013 2.804224
727 3.897635 3.000000 2.876630 2.889990 2.741013 2.721434
728 -2.388899 3.000000 2.876630 2.889990 2.741013 2.801957
729 -0.338777 3.000000 2.876630 2.889990 2.741013 2.770927
730 -1.186396 3.000000 2.969439 2.947436 2.772607 2.818511
731 1.509644 3.000000 2.948170 2.947436 2.649434 2.801957
732 0.144474 3.000000 2.815212 2.571240 2.568901 2.702338
733 2.271196 3.000000 2.908021 2.617644 2.683003 2.906037
734 -1.881418 3.000000 2.868641 2.617644 2.683003 2.906037
735 0.835095 3.000000 2.804058 2.617644 2.780351 2.861612
736 -1.116284 3.000000 2.704246 2.733878 2.795581 2.994796
737 1.968463 3.000000 2.762145 3.110074 2.859741 3.085075
738 1.587137 3.000000 2.762145 3.110074 2.859741 3.074505
739 -6.121077 3.000000 3.183623 3.101207 2.859741 3.028435
740 2.251272 3.000000 3.036525 2.993840 2.795581 2.881229
741 1.379585 3.000000 3.101108 2.993840 2.827970 2.919359
742 -2.964491 3.000000 2.908021 2.947436 2.813371 2.846009
743 3.107060 3.000000 2.861354 2.947436 2.813371 2.846009
744 1.649736 3.000000 2.821974 2.947436 2.780351 2.821071
745 -2.974466 3.000000 2.821974 2.947436 2.702828 2.836899
746 -0.764166 3.000000 2.821974 2.947436 2.479890 2.871637
747 -2.980226 3.000000 2.821974 2.947436 2.702828 2.882671
748 -3.878759 3.000000 2.861354 2.997357 2.702828 2.861612
749 -4.517339 3.000000 2.821974 3.054803 2.827970 2.919359
750 2.007515 3.000000 2.726321 3.077874 3.097630 3.100053
751 -0.311697 3.000000 2.811995 3.101207 3.138391 3.100053
752 -0.285136 3.000000 2.953736 3.337480 3.175423 3.116427
753 5.105813 3.000000 3.256764 3.337480 3.175423 3.133703
754 0.311570 3.000000 3.333774 3.101207 3.224720 3.144749
755 1.158871 3.000000 3.341185 3.420526 3.314432 3.183738
756 3.311317 3.000000 3.399084 3.656798 3.379695 3.191304
757 -4.429894 3.000000 3.476094 3.685748 3.388083 3.183738
758 -2.533736 3.000000 3.495905 3.685748 3.364041 3.191304
759 -5.088047 3.000000 3.495905 3.685748 3.224720 3.144749
760 -1.381488 3.000000 3.399084 3.366429 3.114643 3.039905
761 -0.940713 3.000000 3.300719 3.101207 2.975714 2.940805
762 -1.445287 3.000000 3.294394 3.101207 3.045089 2.912642
763 1.618259 3.000000 2.901696 2.294340 2.972874 2.857299
764 -0.189142 3.000000 2.908021 3.077874 3.019963 2.857299
765 0.140214 3.000000 2.861354 2.737330 2.942170 2.742694
766 0.110850 3.000000 2.173940 1.930462 2.893244 2.586012
767 -5.766043 3.000000 2.324239 2.022140 2.838440 2.629138
768 -3.955276 3.000000 2.181919 2.223713 2.841829 2.648474
769 3.382713 3.000000 2.212542 2.068202 2.822768 2.564291
770 5.451579 3.000000 2.191350 2.191689 2.795581 2.480934
771 2.406461 3.000000 2.212542 2.068202 2.832027 2.564291
772 2.524557 3.000000 2.256076 2.362386 2.896445 2.758102
773 -0.949033 3.000000 2.350663 2.517897 2.972874 2.876728
774 -1.171706 3.000000 2.350663 2.517897 2.902398 2.771888
775 -4.974113 3.000000 2.823253 2.565191 3.152246 2.876728
776 2.072820 3.000000 3.268022 3.245806 3.230040 3.024616
777 2.493424 3.000000 3.048215 2.951622 3.183387 2.924566
778 -0.307431 3.000000 3.223590 2.565191 3.186841 2.986586
779 1.156092 3.000000 2.823253 2.560679 3.193314 2.940556
780 -0.365228 3.000000 2.307129 2.509924 3.068760 2.846933
781 -0.945390 3.000000 2.531995 2.405167 2.992629 2.859828
782 -0.603722 3.000000 2.513577 2.405167 2.943193 2.824677
783 1.031379 3.000000 2.571845 2.408696 2.996484 2.921351
784 -4.584915 3.000000 2.702367 2.573764 2.953074 3.032406
785 0.280422 3.000000 2.702367 2.573764 2.972874 3.107682
786 0.250098 3.000000 2.994602 2.652496 3.207917 3.273325
787 1.282542 3.000000 2.994602 2.652496 3.221877 3.273325
788 4.863871 3.000000 2.775964 2.551893 3.170940 3.253183
789 1.203662 3.000000 2.775964 2.551893 3.170940 3.277231
790 2.015108 3.000000 2.479278 2.487428 2.953074 3.231410
791 -5.617834 3.000000 2.657409 2.573764 2.953074 3.253183
792 8.003587 3.000000 2.657409 2.573764 2.965529 3.333674
793 -2.644323 3.000000 2.702367 2.509924 3.068760 3.355007
794 2.300254 3.000000 2.702367 2.509924 3.068760 3.400091
795 -4.399941 3.000000 2.657409 2.509924 2.965529 3.352244
796 -2.363424 3.000000 2.437259 2.405996 2.890444 3.264131
797 -1.313021 3.000000 2.994602 2.678521 2.965529 3.349792
798 4.915234 3.000000 2.571845 2.467142 2.937447 3.258930
799 2.880904 3.000000 2.994602 3.178020 2.989573 3.350737
800 -0.322732 3.000000 2.994602 3.178020 2.989573 3.355007
801 1.848021 3.000000 2.994602 3.178020 3.054059 3.407512
802 0.926972 3.000000 2.994602 3.178020 3.054059 3.404221
803 4.743483 3.000000 3.323492 3.242613 3.125989 3.432812
804 -2.359116 3.000000 3.323492 3.242613 3.125989 3.432812
805 -0.745278 3.000000 3.193250 3.178020 3.125989 3.407512
806 4.402179 3.000000 3.368451 3.242613 3.414675 3.586689
807 -0.128392 3.000000 3.263197 3.242613 3.414675 3.586689
808 4.079384 3.000000 3.313658 3.245806 3.625801 3.608663
809 -9.297312 3.000000 3.441990 3.330174 3.584094 3.576037
810 0.955193 3.000000 3.332946 3.330174 3.679062 3.576037
811 -4.169035 3.000000 2.995777 3.123477 3.749098 3.515430
812 4.280045 3.000000 3.194712 3.121944 3.749098 3.508401
813 -3.615090 3.000000 2.857542 2.915246 3.674526 3.316028
814 -0.716937 3.000000 3.052242 3.062177 3.305526 3.316775
815 1.065912 3.000000 2.643252 2.912053 3.268416 3.264792
816 2.522087 3.000000 2.479100 2.847461 3.018496 3.129667
817 -3.722015 3.000000 2.643252 2.847461 3.181533 3.307408
818 0.807026 3.000000 3.052242 2.997584 3.268416 3.330214
819 -2.271982 3.000000 3.052242 2.997584 3.268416 3.451125
820 1.569190 3.000000 3.052242 2.997584 3.416289 3.512087
821 -0.489519 3.000000 3.332946 3.054158 3.737556 3.630207
822 -1.052418 3.000000 2.995777 2.997584 3.729138 3.517509
823 -4.049410 3.000000 2.995777 2.997584 3.674526 3.451125
824 0.624813 3.000000 2.995777 2.997584 3.449086 3.433325
825 -1.873395 3.000000 3.052242 2.994337 3.245795 3.350737
826 -5.440599 3.000000 3.263268 3.103771 3.268416 3.586689
827 0.327601 3.000000 2.963022 2.994337 3.169845 3.410289
828 -2.737561 3.000000 3.263268 3.103771 3.526914 3.527665
829 -3.818614 3.000000 2.964524 2.994337 3.169845 3.351781
830 -2.267602 3.000000 2.964524 2.994337 2.916132 3.316032
831 -2.251232 3.000000 3.332946 2.997584 3.138594 3.316775
832 4.348987 3.000000 3.264771 3.103771 3.120870 3.307408
833 -1.092680 3.000000 3.264771 3.103771 3.120870 3.258930
834 1.771703 3.000000 3.263268 3.202874 3.169845 3.325399
835 -0.787716 3.000000 3.263268 3.215009 3.241395 3.367788
836 -1.548491 3.000000 3.263268 3.215009 3.241395 3.422484
837 -6.920749 3.000000 3.263268 3.215009 3.295995 3.603606
838 3.608718 3.000000 3.339773 3.681870 3.568225 3.724733
839 16.767200 3.000000 3.339773 3.681870 3.568225 3.724733
840 4.164433 3.000000 3.339773 3.401780 3.506953 3.612689
841 5.098976 3.000000 3.339773 3.401780 3.295995 3.517509
842 -1.132046 3.000000 3.358645 3.681870 3.465326 3.672786
843 -0.429341 3.000000 3.545658 3.694005 3.580101 3.826235
844 3.318777 3.000000 3.358645 3.681870 3.526914 3.777243
845 -0.346047 3.000000 3.545658 3.843156 3.580101 3.817264
846 1.919328 3.000000 3.694100 3.843156 3.834766 3.862258
847 0.992457 3.000000 3.823378 3.322214 3.955246 3.767985
848 2.715543 3.000000 3.226792 3.322214 3.955246 3.789384
849 -0.430354 3.000000 3.226792 3.322214 3.966313 3.847345
850 -4.579176 5.000000 3.542734 3.299395 3.998499 3.928876
851 -3.004309 5.000000 3.056056 3.270213 3.711497 3.847345
852 2.069386 5.000000 3.149788 3.196283 3.711497 4.017648
853 2.933114 5.000000 3.149788 3.196283 3.711497 4.017648
854 10.294773 5.000000 3.435545 3.259076 4.048533 4.038927
855 -2.598693 5.000000 3.746044 3.262695 4.447061 4.285211
856 1.332669 5.000000 3.732586 3.262695 4.313934 4.333337
857 5.407839 5.000000 3.241645 3.154884 4.277709 4.233788
858 5.090794 5.000000 3.241645 3.154884 4.277709 4.235181
859 1.001533 5.000000 3.195155 3.088472 4.116225 4.235181
860 -0.647163 5.000000 3.195155 3.088472 4.116225 4.227250
861 -0.107056 5.000000 3.208612 3.047762 4.249352 4.333337
862 -3.642306 5.000000 3.208612 3.047762 4.263725 4.442465
863 -5.673594 5.000000 3.449002 3.047762 4.447061 4.636900
864 -0.792598 5.000000 3.435545 3.047762 4.313934 4.608596
865 3.519129 5.000000 3.732586 3.196283 4.558236 4.675652
866 1.441713 5.000000 4.289427 4.535141 4.879622 4.814103
867 0.929235 5.000000 4.302884 4.535141 4.879622 4.814103
868 -0.328249 5.000000 4.583232 4.535141 4.926736 4.893770
869 -8.070508 5.000000 5.148248 4.813561 5.016210 5.088720
870 7.887639 5.000000 5.255437 4.813561 5.033105 5.040657
871 -0.219072 5.000000 5.255437 4.813561 5.033105 5.040657
872 11.649209 5.000000 4.476043 4.772432 4.922872 4.893770
873 4.020583 5.000000 4.583232 4.772432 4.879622 4.936753
874 3.894712 5.000000 4.583232 4.772432 4.879622 4.865796
875 -6.315154 5.000000 4.396616 4.694384 4.859083 4.736603
876 1.980309 5.000000 4.240520 3.569635 4.751241 4.675652
877 3.156636 5.000000 4.240520 3.569635 4.751241 4.606157
878 -8.291929 5.000000 3.953264 3.426007 4.514987 4.466974
879 -0.340037 5.000000 3.953264 3.426007 4.514987 4.528842
880 8.919116 5.000000 4.332033 4.550756 4.859083 4.777980
881 -3.063581 5.000000 4.488129 4.936506 4.887829 4.961961
882 6.662776 5.000000 4.583232 5.080135 4.918285 4.995592
883 -7.948970 5.000000 4.428338 4.772432 4.998998 5.121459
884 2.985318 5.000000 4.241722 3.647683 4.891199 4.969578
885 4.967178 5.000000 3.658549 3.647683 4.769389 4.954401
886 -3.934817 5.000000 3.823432 3.740991 4.786110 4.970073
887 0.867510 5.000000 4.223621 3.976936 4.923732 5.136797
888 -2.543210 5.000000 4.843733 5.061755 5.100099 5.287745
889 5.551567 5.000000 4.843733 5.061755 5.310979 5.402935
890 3.595675 5.000000 4.806003 4.514671 4.818862 5.058228
891 -4.314848 5.000000 4.806003 4.514671 5.074988 5.121459
892 -0.016654 5.000000 4.806003 4.514671 5.074988 5.141809
893 -0.875097 5.000000 4.624245 4.278726 4.877776 4.961961
894 1.490265 5.000000 4.900228 4.732501 5.310979 5.141809
895 3.789427 5.000000 5.223281 5.061755 5.574519 5.478655
896 -1.025945 5.000000 4.805722 4.514671 5.310979 5.196787
897 1.033710 5.000000 4.805722 4.514671 5.310979 5.287745
898 1.490075 5.000000 4.843733 4.824727 5.585001 5.600300
899 5.923518 5.000000 4.843452 4.889699 5.585001 5.562792
900 -4.800176 5.000000 4.843452 4.889699 5.549839 5.600300
901 -9.946581 5.000000 4.806003 4.733989 5.265883 5.366831
902 4.338869 5.000000 4.624527 4.286992 4.635090 5.175071
903 14.262665 5.000000 4.624245 4.423933 4.641008 4.941615
904 -0.462271 5.000000 4.624245 4.423933 4.641008 4.940752
905 2.062066 5.000000 4.129114 4.423933 4.852603 4.941615
906 4.757129 5.000000 4.085626 4.016632 4.519414 4.874650
907 7.036645 5.000000 4.141328 4.111298 4.462945 4.822055
908 -2.489345 5.000000 4.223339 4.152445 4.641008 4.941615
909 -1.751339 5.000000 4.045476 3.976936 4.635090 4.917066
910 2.028441 5.000000 4.045476 3.976936 4.635090 5.070249
911 10.782682 5.000000 4.141046 3.976936 4.641008 5.070249
912 0.020329 5.000000 3.975674 3.905617 4.608938 4.868846
913 -1.628935 5.000000 3.975674 3.905617 4.595912 4.874650
914 -8.782086 5.000000 4.045476 4.215673 4.253523 5.070249
915 12.760311 5.000000 4.045476 4.215673 4.253523 5.070249
916 1.908713 5.000000 4.057967 4.215673 4.608938 4.907286
917 2.806770 5.000000 4.045476 4.106074 4.177078 4.894889
918 11.605220 5.000000 4.208284 4.106074 4.253523 4.941615
919 11.260197 5.000000 4.223062 4.215673 4.966874 5.196787
920 0.913256 5.000000 4.045476 3.905617 4.861485 4.940752
921 2.049888 5.000000 4.045476 3.905617 4.861485 4.926536
922 -0.929736 5.000000 4.045476 3.905617 4.861485 4.860429
923 -2.193199 5.000000 3.975674 3.864470 4.462945 4.647129
924 -5.899560 5.000000 3.863485 3.784069 3.949733 4.366170
925 -1.262703 5.000000 4.024288 4.030897 4.098989 4.510821
926 1.610233 5.000000 4.196625 4.111298 4.627504 4.685223
927 4.283363 5.000000 4.195052 4.302385 4.587521 4.661326
928 5.403657 5.000000 4.027545 4.238315 4.088715 4.438356
929 4.088473 5.000000 4.027545 4.238315 4.088715 4.438915
930 7.576778 5.000000 3.866741 3.966827 3.939460 4.365322
931 -0.781889 5.000000 3.866741 3.966827 3.939460 4.359429
932 1.601807 5.000000 3.738601 3.596756 3.939460 4.131427
933 0.101579 5.000000 3.863485 3.966827 4.083307 4.250072
934 7.050916 5.000000 3.735345 3.719998 4.083307 4.182880
935 1.569018 5.000000 3.704652 3.610399 3.503161 3.900190
936 -0.002263 5.000000 3.482197 3.240329 3.431770 3.593768
937 2.324108 5.000000 3.089129 3.240329 3.245351 3.544593
938 4.174902 5.000000 3.089129 3.240329 3.452905 3.560577
939 -3.202602 5.000000 3.226076 3.022695 3.450227 3.448255
940 0.428766 5.000000 3.197671 2.689056 3.164886 3.306090
941 -4.588781 5.000000 2.870341 2.796455 3.164886 3.430238
942 -3.443394 5.000000 3.096797 2.909683 3.164886 3.430238
943 -0.047314 5.000000 3.887324 3.492061 3.707641 3.522594
944 1.566821 5.000000 3.412470 3.376922 3.707641 3.672888
945 -3.858219 5.000000 3.412470 3.376922 3.707641 3.526577
946 4.399602 5.000000 3.412470 3.376922 3.707641 3.522594
947 -3.800820 5.000000 4.031275 3.993973 3.839183 3.844337
948 1.884652 5.000000 3.568743 3.526735 3.815276 3.801018
949 -3.046701 5.000000 3.479910 3.413507 3.245329 3.657918
950 0.894097 5.000000 3.479910 3.413507 3.245329 3.665471
951 2.364784 5.000000 3.347103 3.383354 3.013588 3.395144
952 3.589254 5.000000 3.347103 3.383354 3.013588 3.381011
953 4.228067 5.000000 3.347103 3.383354 3.013588 3.360118
954 -0.228697 5.000000 3.479910 3.724471 3.127481 3.451760
955 1.153853 5.000000 3.509385 3.502082 3.127481 3.381011
956 0.107194 5.000000 3.735841 3.827852 3.348653 3.672888
957 0.167111 5.000000 4.162145 3.858005 3.815276 3.982862
958 3.147823 5.000000 4.162145 3.858005 3.815276 3.886087
959 -2.239973 5.000000 3.573559 3.502082 3.460174 3.665471
960 -3.261503 5.000000 3.568743 3.754624 3.821580 3.902935
961 -1.407582 5.000000 4.250978 3.867852 4.042150 4.038791
962 2.517527 5.000000 4.250978 3.867852 4.042150 4.123780
963 -5.388479 5.000000 3.995434 3.993973 4.161425 4.081666
964 8.801876 5.000000 3.995841 3.993973 4.233123 4.035219
965 -2.700134 5.000000 4.133442 4.335091 4.466806 4.410819
966 -0.337379 5.000000 4.133442 4.335091 4.466806 4.410819
967 -8.787952 5.000000 4.419204 3.971233 4.344644 4.396896
968 -0.320155 5.000000 4.250978 3.867852 4.249740 4.175697
969 -1.975703 5.000000 4.250978 3.867852 4.249740 4.142849
970 4.231599 5.000000 3.568743 3.526735 4.144564 4.069873
971 0.454910 5.000000 4.250978 3.993973 4.344644 4.265449
972 -0.658922 5.000000 4.250978 3.993973 4.344644 4.274367
973 0.996911 5.000000 3.660227 3.616893 4.144564 4.264021
974 -2.839593 5.000000 3.573559 3.396556 4.138318 4.081666
975 -6.154551 5.000000 3.749060 3.616893 4.387216 4.118500
976 9.689669 5.000000 4.250978 4.084132 4.402248 4.301085
977 9.319547 5.000000 4.133442 4.084132 4.402248 4.289885
978 1.588541 5.000000 4.175751 4.335091 4.757726 4.419468
979 1.449763 5.000000 4.207147 3.971233 5.021169 4.806105
980 6.745770 5.000000 4.209980 3.971233 4.794327 4.753866
981 4.226361 5.000000 4.003219 3.867852 4.402248 4.509334
982 -6.052798 5.000000 4.003219 3.867852 4.381245 4.419468
983 3.242879 5.000000 4.003219 3.647515 4.381245 4.375262
984 1.423245 5.000000 3.501301 3.396556 4.271308 4.289885
985 -7.291660 5.000000 3.291811 3.245170 3.954258 3.939952
986 -3.511600 5.000000 2.989038 2.959108 3.668702 3.653791
987 -3.767617 5.000000 2.989038 2.959108 3.668702 3.653791
988 -1.558932 5.000000 2.929178 2.650156 2.967324 3.434654
989 1.708610 5.000000 2.929178 2.650156 2.967324 3.434654
990 -0.844955 5.000000 2.533185 2.120884 2.740481 3.345158
991 3.858505 5.000000 2.381257 1.892958 2.659037 3.333711
992 2.016079 5.000000 2.381257 1.892958 2.659037 3.333711
993 -2.361595 5.000000 2.381257 1.892958 2.458339 3.333711
994 2.220296 5.000000 2.381257 1.892958 2.458339 3.333711
995 3.272895 5.000000 2.355171 1.266593 2.083422 3.100257
996 3.672797 5.000000 2.311273 1.266593 1.958468 3.043551
997 1.606136 5.000000 2.149418 1.190629 1.849341 2.623460
998 -6.014203 5.000000 2.110104 1.177585 1.735458 1.806901
999 -12.099984 5.000000 1.252730 1.074709 1.030310 1.252303
