0 1.950798 1.538945 0.870403 1.950798
1 0.971927 1.400029 0.870403 1.950798
2 0.870403 1.056201 0.231657 1.950798
3 1.256218 0.701232 0.175957 1.256218
4 0.231657 0.580785 0.175957 1.256218
5 0.175957 0.393762 -0.064712 1.256218
6 0.369692 0.060316 -0.411013 0.369692
7 -0.064712 -0.038025 -0.411013 0.369692
8 -0.411013 -0.111439 -0.411013 0.369692
9 -0.260047 -0.215453 -0.411013 -0.064712
10 -0.191113 -0.256940 -0.411013 -0.150380
11 -0.150380 -0.075660 -0.272148 0.495386
12 -0.272148 0.080283 -0.272148 0.519672
13 0.495386 0.214024 -0.272148 0.519672
14 0.519672 0.456763 -0.272148 1.063315
15 0.477589 0.751459 0.477589 1.201331
16 1.063315 0.886926 0.477589 1.201331
17 1.201331 1.025630 0.477589 1.213190
18 1.172724 1.126390 0.981392 1.213190
19 1.213190 1.142239 0.981392 1.213190
20 0.981392 1.058359 0.781934 1.213190
21 1.142556 1.074361 0.781934 1.252734
22 0.781934 0.947710 0.579932 1.252734
23 1.252734 0.869289 0.579932 1.252734
24 0.579932 0.656333 0.077779 1.252734
25 0.589288 0.437865 -0.310407 1.252734
26 0.077779 0.109233 -0.390428 0.589288
27 -0.310407 -0.170297 -0.817715 0.589288
28 -0.390428 -0.419061 -0.817715 0.077779
29 -0.817715 -0.572938 -0.817715 -0.310407
30 -0.654531 -0.615830 -0.817715 -0.390428
31 -0.691608 -0.469923 -0.817715 0.339109
32 -0.524868 -0.161296 -0.691608 0.725419
33 0.339109 0.158840 -0.691608 0.946148
34 0.725419 0.557496 -0.524868 1.301670
35 0.946148 0.844188 0.339109 1.301670
36 1.301670 1.106431 0.725419 1.650324
37 0.908593 1.182910 0.908593 1.650324
38 1.650324 1.209740 0.908593 1.650324
39 1.107812 1.211690 0.908593 1.650324
40 1.080299 1.189084 0.795565 1.650324
41 1.311420 0.978605 0.597927 1.311420
42 0.795565 0.773677 0.083175 1.311420
43 0.597927 0.521439 -0.180893 1.311420
44 0.083175 0.251072 -0.180893 0.795565
45 -0.180893 -0.053380 -0.726697 0.597927
46 -0.040414 -0.304749 -0.726697 0.083175
47 -0.726697 -0.343059 -0.726697 -0.040414
48 -0.658915 -0.451668 -0.726697 -0.040414
49 -0.108376 -0.519020 -0.726697 -0.108376
50 -0.723939 -0.463091 -0.723939 -0.108376
51 -0.377172 -0.313033 -0.723939 0.091375
52 -0.447052 -0.153968 -0.723939 0.686947
53 0.091375 0.086757 -0.447052 0.686947
54 0.686947 0.367913 -0.447052 1.028606
55 0.479688 0.628194 0.091375 1.028606
56 1.028606 0.862389 0.479688 1.262353
57 0.854354 1.026236 0.479688 1.506181
58 1.262353 1.156992 0.854354 1.506181
59 1.506181 1.215281 0.854354 1.506181
60 1.133467 1.310125 1.133467 1.506181
61 1.320049 1.192655 0.675006 1.506181
62 1.328573 0.923581 0.160809 1.328573
63 0.675006 0.727105 0.151090 1.328573
64 0.160809 0.471106 0.040051 1.328573
65 0.151090 0.179108 -0.131413 0.675006
66 0.040051 -0.006465 -0.252860 0.160809
67 -0.131413 -0.142919 -0.521463 0.151090
68 -0.252860 -0.345327 -0.860949 0.040051
69 -0.521463 -0.447395 -0.860949 -0.131413
70 -0.860949 -0.519626 -0.860949 -0.252860
71 -0.470288 -0.443549 -0.860949 0.127525
72 -0.492571 -0.244322 -0.860949 0.474673
73 0.127525 0.073520 -0.492571 0.728263
74 0.474673 0.440642 -0.492571 1.365322
75 0.728263 0.825882 0.127525 1.433628
76 1.365322 1.186676 0.474673 1.931493
77 1.433628 1.365827 0.728263 1.931493
78 1.931493 1.576548 1.365322 1.931493
79 1.370430 1.493449 0.949823 1.931493
80 1.781869 1.473097 0.949823 1.931493
81 0.949823 1.314550 0.949823 1.781869
82 1.331871 1.118685 0.391104 1.781869
83 1.138757 0.824899 0.312939 1.331871
84 0.391104 0.586717 -0.241086 1.331871
85 0.312939 0.167773 -0.762847 1.138757
86 -0.241086 -0.127576 -0.762847 0.391104
87 -0.762847 -0.292322 -0.762847 0.312939
88 -0.337990 -0.445342 -0.762847 -0.241086
89 -0.432626 -0.414168 -0.762847 -0.085215
90 -0.452162 -0.350246 -0.452162 -0.085215
91 -0.085215 -0.335990 -0.452162 -0.085215
92 -0.443235 -0.187308 -0.452162 0.310787
93 -0.266714 -0.010744 -0.443235 0.430658
94 0.310787 0.172270 -0.443235 0.829855
95 0.430658 0.498932 -0.266714 1.190076
96 0.829855 0.830512 0.310787 1.391185
97 1.190076 1.088314 0.430658 1.599796
98 1.391185 1.322142 0.829855 1.599796
99 1.599796 1.476130 1.190076 1.599796
